Namespace(data_dir='./data/', output_dir='./src/output/', data_name='Sports_and_Outdoors', do_eval=False, model_idx=1, gpu_id='0', noise_ratio=0.0, training_data_ratio=1.0, augment_threshold=4, similarity_model_name='ItemCF_IUF', augmentation_warm_up_epoches=160, base_augment_type='random', augment_type_for_short='SIM', tao=0.2, gamma=0.7, beta=0.2, substitute_rate=0.1, insert_rate=0.4, max_insert_num_per_pos=1, temperature=1.0, n_views=2, model_name='CoSeRec', hidden_size=64, num_hidden_layers=2, num_attention_heads=2, hidden_act='gelu', attention_probs_dropout_prob=0.5, hidden_dropout_prob=0.5, initializer_range=0.02, max_seq_length=50, lr=0.001, batch_size=256, epochs=300, no_cuda=False, log_freq=1, seed=1, cf_weight=0.0, rec_weight=1.0, weight_decay=0.0, adam_beta1=0.9, adam_beta2=0.999, cuda_condition=True, data_file='./data/Sports_and_Outdoors.txt', item_size=18359, mask_id=18358, log_file='./src/output/CoSeRec-Sports_and_Outdoors-1.txt')
{'epoch': 0, 'rec_avg_loss': '1.2964', 'joint_avg_loss': '1.2964', 'cl_avg_loss': '87.3095', 'cl_pair_0_loss': '87.3095'}
{'Epoch': 0, 'HIT@5': '0.0068', 'NDCG@5': '0.0049', 'HIT@10': '0.0092', 'NDCG@10': '0.0057', 'HIT@20': '0.0182', 'NDCG@20': '0.0079'}
{'Epoch': 0, 'HIT@5': '0.0085', 'NDCG@5': '0.0050', 'HIT@10': '0.0137', 'NDCG@10': '0.0067', 'HIT@20': '0.0251', 'NDCG@20': '0.0095'}
{'Epoch': 0, 'HIT@5': '0.0116', 'NDCG@5': '0.0075', 'HIT@10': '0.0183', 'NDCG@10': '0.0096', 'HIT@20': '0.0277', 'NDCG@20': '0.0120'}
{'Epoch': 0, 'HIT@5': '0.0050', 'NDCG@5': '0.0035', 'HIT@10': '0.0078', 'NDCG@10': '0.0044', 'HIT@20': '0.0159', 'NDCG@20': '0.0064'}
{'Epoch': 0, 'HIT@5': '0.0083', 'NDCG@5': '0.0055', 'HIT@10': '0.0130', 'NDCG@10': '0.0070', 'HIT@20': '0.0222', 'NDCG@20': '0.0093'}
{'epoch': 1, 'rec_avg_loss': '1.1827', 'joint_avg_loss': '1.1827', 'cl_avg_loss': '101.6907', 'cl_pair_0_loss': '101.6907'}
{'Epoch': 1, 'HIT@5': '0.0068', 'NDCG@5': '0.0044', 'HIT@10': '0.0099', 'NDCG@10': '0.0053', 'HIT@20': '0.0173', 'NDCG@20': '0.0072'}
{'Epoch': 1, 'HIT@5': '0.0079', 'NDCG@5': '0.0046', 'HIT@10': '0.0146', 'NDCG@10': '0.0068', 'HIT@20': '0.0216', 'NDCG@20': '0.0086'}
{'Epoch': 1, 'HIT@5': '0.0106', 'NDCG@5': '0.0067', 'HIT@10': '0.0168', 'NDCG@10': '0.0087', 'HIT@20': '0.0256', 'NDCG@20': '0.0109'}
{'Epoch': 1, 'HIT@5': '0.0047', 'NDCG@5': '0.0031', 'HIT@10': '0.0087', 'NDCG@10': '0.0045', 'HIT@20': '0.0154', 'NDCG@20': '0.0061'}
{'Epoch': 1, 'HIT@5': '0.0078', 'NDCG@5': '0.0049', 'HIT@10': '0.0129', 'NDCG@10': '0.0066', 'HIT@20': '0.0206', 'NDCG@20': '0.0086'}
{'epoch': 2, 'rec_avg_loss': '1.1406', 'joint_avg_loss': '1.1406', 'cl_avg_loss': '147.6553', 'cl_pair_0_loss': '147.6553'}
{'Epoch': 2, 'HIT@5': '0.0066', 'NDCG@5': '0.0041', 'HIT@10': '0.0110', 'NDCG@10': '0.0055', 'HIT@20': '0.0171', 'NDCG@20': '0.0070'}
{'Epoch': 2, 'HIT@5': '0.0079', 'NDCG@5': '0.0052', 'HIT@10': '0.0155', 'NDCG@10': '0.0077', 'HIT@20': '0.0266', 'NDCG@20': '0.0104'}
{'Epoch': 2, 'HIT@5': '0.0113', 'NDCG@5': '0.0078', 'HIT@10': '0.0185', 'NDCG@10': '0.0101', 'HIT@20': '0.0300', 'NDCG@20': '0.0130'}
{'Epoch': 2, 'HIT@5': '0.0067', 'NDCG@5': '0.0042', 'HIT@10': '0.0116', 'NDCG@10': '0.0057', 'HIT@20': '0.0184', 'NDCG@20': '0.0074'}
{'Epoch': 2, 'HIT@5': '0.0087', 'NDCG@5': '0.0057', 'HIT@10': '0.0148', 'NDCG@10': '0.0077', 'HIT@20': '0.0241', 'NDCG@20': '0.0100'}
{'epoch': 3, 'rec_avg_loss': '1.0872', 'joint_avg_loss': '1.0872', 'cl_avg_loss': '212.1580', 'cl_pair_0_loss': '212.1580'}
{'Epoch': 3, 'HIT@5': '0.0086', 'NDCG@5': '0.0056', 'HIT@10': '0.0132', 'NDCG@10': '0.0071', 'HIT@20': '0.0224', 'NDCG@20': '0.0095'}
{'Epoch': 3, 'HIT@5': '0.0103', 'NDCG@5': '0.0072', 'HIT@10': '0.0183', 'NDCG@10': '0.0098', 'HIT@20': '0.0314', 'NDCG@20': '0.0130'}
{'Epoch': 3, 'HIT@5': '0.0140', 'NDCG@5': '0.0089', 'HIT@10': '0.0230', 'NDCG@10': '0.0118', 'HIT@20': '0.0365', 'NDCG@20': '0.0152'}
{'Epoch': 3, 'HIT@5': '0.0093', 'NDCG@5': '0.0058', 'HIT@10': '0.0153', 'NDCG@10': '0.0078', 'HIT@20': '0.0234', 'NDCG@20': '0.0098'}
{'Epoch': 3, 'HIT@5': '0.0112', 'NDCG@5': '0.0072', 'HIT@10': '0.0185', 'NDCG@10': '0.0096', 'HIT@20': '0.0297', 'NDCG@20': '0.0124'}
{'epoch': 4, 'rec_avg_loss': '1.0176', 'joint_avg_loss': '1.0176', 'cl_avg_loss': '294.6032', 'cl_pair_0_loss': '294.6032'}
{'Epoch': 4, 'HIT@5': '0.0108', 'NDCG@5': '0.0064', 'HIT@10': '0.0151', 'NDCG@10': '0.0079', 'HIT@20': '0.0263', 'NDCG@20': '0.0107'}
{'Epoch': 4, 'HIT@5': '0.0137', 'NDCG@5': '0.0085', 'HIT@10': '0.0222', 'NDCG@10': '0.0112', 'HIT@20': '0.0379', 'NDCG@20': '0.0152'}
{'Epoch': 4, 'HIT@5': '0.0183', 'NDCG@5': '0.0112', 'HIT@10': '0.0279', 'NDCG@10': '0.0143', 'HIT@20': '0.0430', 'NDCG@20': '0.0180'}
{'Epoch': 4, 'HIT@5': '0.0110', 'NDCG@5': '0.0070', 'HIT@10': '0.0176', 'NDCG@10': '0.0091', 'HIT@20': '0.0288', 'NDCG@20': '0.0119'}
{'Epoch': 4, 'HIT@5': '0.0142', 'NDCG@5': '0.0088', 'HIT@10': '0.0220', 'NDCG@10': '0.0113', 'HIT@20': '0.0355', 'NDCG@20': '0.0147'}
{'epoch': 5, 'rec_avg_loss': '0.9516', 'joint_avg_loss': '0.9516', 'cl_avg_loss': '360.4748', 'cl_pair_0_loss': '360.4748'}
{'Epoch': 5, 'HIT@5': '0.0132', 'NDCG@5': '0.0084', 'HIT@10': '0.0187', 'NDCG@10': '0.0101', 'HIT@20': '0.0287', 'NDCG@20': '0.0127'}
{'Epoch': 5, 'HIT@5': '0.0144', 'NDCG@5': '0.0090', 'HIT@10': '0.0246', 'NDCG@10': '0.0122', 'HIT@20': '0.0414', 'NDCG@20': '0.0165'}
{'Epoch': 5, 'HIT@5': '0.0188', 'NDCG@5': '0.0113', 'HIT@10': '0.0312', 'NDCG@10': '0.0153', 'HIT@20': '0.0479', 'NDCG@20': '0.0195'}
{'Epoch': 5, 'HIT@5': '0.0119', 'NDCG@5': '0.0072', 'HIT@10': '0.0204', 'NDCG@10': '0.0099', 'HIT@20': '0.0326', 'NDCG@20': '0.0130'}
{'Epoch': 5, 'HIT@5': '0.0151', 'NDCG@5': '0.0092', 'HIT@10': '0.0251', 'NDCG@10': '0.0124', 'HIT@20': '0.0395', 'NDCG@20': '0.0160'}
{'epoch': 6, 'rec_avg_loss': '0.8978', 'joint_avg_loss': '0.8978', 'cl_avg_loss': '416.7771', 'cl_pair_0_loss': '416.7771'}
{'Epoch': 6, 'HIT@5': '0.0136', 'NDCG@5': '0.0087', 'HIT@10': '0.0217', 'NDCG@10': '0.0113', 'HIT@20': '0.0345', 'NDCG@20': '0.0144'}
{'Epoch': 6, 'HIT@5': '0.0157', 'NDCG@5': '0.0098', 'HIT@10': '0.0255', 'NDCG@10': '0.0129', 'HIT@20': '0.0443', 'NDCG@20': '0.0176'}
{'Epoch': 6, 'HIT@5': '0.0205', 'NDCG@5': '0.0128', 'HIT@10': '0.0303', 'NDCG@10': '0.0160', 'HIT@20': '0.0505', 'NDCG@20': '0.0211'}
{'Epoch': 6, 'HIT@5': '0.0120', 'NDCG@5': '0.0078', 'HIT@10': '0.0207', 'NDCG@10': '0.0106', 'HIT@20': '0.0342', 'NDCG@20': '0.0140'}
{'Epoch': 6, 'HIT@5': '0.0161', 'NDCG@5': '0.0102', 'HIT@10': '0.0253', 'NDCG@10': '0.0132', 'HIT@20': '0.0422', 'NDCG@20': '0.0174'}
{'epoch': 7, 'rec_avg_loss': '0.8505', 'joint_avg_loss': '0.8505', 'cl_avg_loss': '467.0762', 'cl_pair_0_loss': '467.0762'}
{'Epoch': 7, 'HIT@5': '0.0121', 'NDCG@5': '0.0073', 'HIT@10': '0.0215', 'NDCG@10': '0.0103', 'HIT@20': '0.0345', 'NDCG@20': '0.0135'}
{'Epoch': 7, 'HIT@5': '0.0146', 'NDCG@5': '0.0097', 'HIT@10': '0.0284', 'NDCG@10': '0.0141', 'HIT@20': '0.0467', 'NDCG@20': '0.0187'}
{'Epoch': 7, 'HIT@5': '0.0211', 'NDCG@5': '0.0137', 'HIT@10': '0.0348', 'NDCG@10': '0.0181', 'HIT@20': '0.0528', 'NDCG@20': '0.0226'}
{'Epoch': 7, 'HIT@5': '0.0121', 'NDCG@5': '0.0076', 'HIT@10': '0.0217', 'NDCG@10': '0.0107', 'HIT@20': '0.0358', 'NDCG@20': '0.0142'}
{'Epoch': 7, 'HIT@5': '0.0160', 'NDCG@5': '0.0103', 'HIT@10': '0.0279', 'NDCG@10': '0.0141', 'HIT@20': '0.0440', 'NDCG@20': '0.0181'}
{'epoch': 8, 'rec_avg_loss': '0.8089', 'joint_avg_loss': '0.8089', 'cl_avg_loss': '518.6827', 'cl_pair_0_loss': '518.6827'}
{'Epoch': 8, 'HIT@5': '0.0165', 'NDCG@5': '0.0109', 'HIT@10': '0.0261', 'NDCG@10': '0.0140', 'HIT@20': '0.0415', 'NDCG@20': '0.0178'}
{'Epoch': 8, 'HIT@5': '0.0183', 'NDCG@5': '0.0120', 'HIT@10': '0.0295', 'NDCG@10': '0.0156', 'HIT@20': '0.0499', 'NDCG@20': '0.0206'}
{'Epoch': 8, 'HIT@5': '0.0228', 'NDCG@5': '0.0147', 'HIT@10': '0.0354', 'NDCG@10': '0.0187', 'HIT@20': '0.0560', 'NDCG@20': '0.0239'}
{'Epoch': 8, 'HIT@5': '0.0144', 'NDCG@5': '0.0088', 'HIT@10': '0.0253', 'NDCG@10': '0.0123', 'HIT@20': '0.0388', 'NDCG@20': '0.0157'}
{'Epoch': 8, 'HIT@5': '0.0186', 'NDCG@5': '0.0119', 'HIT@10': '0.0300', 'NDCG@10': '0.0155', 'HIT@20': '0.0476', 'NDCG@20': '0.0199'}
{'epoch': 9, 'rec_avg_loss': '0.7727', 'joint_avg_loss': '0.7727', 'cl_avg_loss': '576.2097', 'cl_pair_0_loss': '576.2097'}
{'Epoch': 9, 'HIT@5': '0.0171', 'NDCG@5': '0.0110', 'HIT@10': '0.0281', 'NDCG@10': '0.0146', 'HIT@20': '0.0434', 'NDCG@20': '0.0184'}
{'Epoch': 9, 'HIT@5': '0.0181', 'NDCG@5': '0.0116', 'HIT@10': '0.0316', 'NDCG@10': '0.0160', 'HIT@20': '0.0556', 'NDCG@20': '0.0219'}
{'Epoch': 9, 'HIT@5': '0.0233', 'NDCG@5': '0.0154', 'HIT@10': '0.0374', 'NDCG@10': '0.0199', 'HIT@20': '0.0571', 'NDCG@20': '0.0248'}
{'Epoch': 9, 'HIT@5': '0.0136', 'NDCG@5': '0.0084', 'HIT@10': '0.0234', 'NDCG@10': '0.0116', 'HIT@20': '0.0401', 'NDCG@20': '0.0158'}
{'Epoch': 9, 'HIT@5': '0.0185', 'NDCG@5': '0.0120', 'HIT@10': '0.0308', 'NDCG@10': '0.0159', 'HIT@20': '0.0496', 'NDCG@20': '0.0206'}
{'epoch': 10, 'rec_avg_loss': '0.7368', 'joint_avg_loss': '0.7368', 'cl_avg_loss': '620.2508', 'cl_pair_0_loss': '620.2508'}
{'Epoch': 10, 'HIT@5': '0.0182', 'NDCG@5': '0.0115', 'HIT@10': '0.0296', 'NDCG@10': '0.0152', 'HIT@20': '0.0463', 'NDCG@20': '0.0195'}
{'Epoch': 10, 'HIT@5': '0.0183', 'NDCG@5': '0.0110', 'HIT@10': '0.0321', 'NDCG@10': '0.0155', 'HIT@20': '0.0550', 'NDCG@20': '0.0212'}
{'Epoch': 10, 'HIT@5': '0.0231', 'NDCG@5': '0.0153', 'HIT@10': '0.0370', 'NDCG@10': '0.0197', 'HIT@20': '0.0591', 'NDCG@20': '0.0253'}
{'Epoch': 10, 'HIT@5': '0.0145', 'NDCG@5': '0.0088', 'HIT@10': '0.0250', 'NDCG@10': '0.0122', 'HIT@20': '0.0414', 'NDCG@20': '0.0164'}
{'Epoch': 10, 'HIT@5': '0.0189', 'NDCG@5': '0.0120', 'HIT@10': '0.0314', 'NDCG@10': '0.0161', 'HIT@20': '0.0511', 'NDCG@20': '0.0210'}
{'epoch': 11, 'rec_avg_loss': '0.7108', 'joint_avg_loss': '0.7108', 'cl_avg_loss': '675.7629', 'cl_pair_0_loss': '675.7629'}
{'Epoch': 11, 'HIT@5': '0.0197', 'NDCG@5': '0.0128', 'HIT@10': '0.0305', 'NDCG@10': '0.0164', 'HIT@20': '0.0461', 'NDCG@20': '0.0203'}
{'Epoch': 11, 'HIT@5': '0.0196', 'NDCG@5': '0.0118', 'HIT@10': '0.0342', 'NDCG@10': '0.0164', 'HIT@20': '0.0556', 'NDCG@20': '0.0217'}
{'Epoch': 11, 'HIT@5': '0.0229', 'NDCG@5': '0.0151', 'HIT@10': '0.0377', 'NDCG@10': '0.0198', 'HIT@20': '0.0600', 'NDCG@20': '0.0254'}
{'Epoch': 11, 'HIT@5': '0.0144', 'NDCG@5': '0.0090', 'HIT@10': '0.0259', 'NDCG@10': '0.0127', 'HIT@20': '0.0434', 'NDCG@20': '0.0171'}
{'Epoch': 11, 'HIT@5': '0.0192', 'NDCG@5': '0.0123', 'HIT@10': '0.0324', 'NDCG@10': '0.0165', 'HIT@20': '0.0521', 'NDCG@20': '0.0215'}
{'epoch': 12, 'rec_avg_loss': '0.6836', 'joint_avg_loss': '0.6836', 'cl_avg_loss': '721.1487', 'cl_pair_0_loss': '721.1487'}
{'Epoch': 12, 'HIT@5': '0.0184', 'NDCG@5': '0.0123', 'HIT@10': '0.0309', 'NDCG@10': '0.0164', 'HIT@20': '0.0478', 'NDCG@20': '0.0206'}
{'Epoch': 12, 'HIT@5': '0.0170', 'NDCG@5': '0.0109', 'HIT@10': '0.0367', 'NDCG@10': '0.0171', 'HIT@20': '0.0593', 'NDCG@20': '0.0227'}
{'Epoch': 12, 'HIT@5': '0.0230', 'NDCG@5': '0.0150', 'HIT@10': '0.0380', 'NDCG@10': '0.0197', 'HIT@20': '0.0610', 'NDCG@20': '0.0255'}
{'Epoch': 12, 'HIT@5': '0.0159', 'NDCG@5': '0.0095', 'HIT@10': '0.0259', 'NDCG@10': '0.0127', 'HIT@20': '0.0437', 'NDCG@20': '0.0172'}
{'Epoch': 12, 'HIT@5': '0.0192', 'NDCG@5': '0.0122', 'HIT@10': '0.0330', 'NDCG@10': '0.0166', 'HIT@20': '0.0534', 'NDCG@20': '0.0217'}
{'epoch': 13, 'rec_avg_loss': '0.6610', 'joint_avg_loss': '0.6610', 'cl_avg_loss': '768.7949', 'cl_pair_0_loss': '768.7949'}
{'Epoch': 13, 'HIT@5': '0.0187', 'NDCG@5': '0.0119', 'HIT@10': '0.0305', 'NDCG@10': '0.0157', 'HIT@20': '0.0470', 'NDCG@20': '0.0198'}
{'Epoch': 13, 'HIT@5': '0.0216', 'NDCG@5': '0.0141', 'HIT@10': '0.0342', 'NDCG@10': '0.0181', 'HIT@20': '0.0552', 'NDCG@20': '0.0234'}
{'Epoch': 13, 'HIT@5': '0.0240', 'NDCG@5': '0.0162', 'HIT@10': '0.0379', 'NDCG@10': '0.0206', 'HIT@20': '0.0600', 'NDCG@20': '0.0262'}
{'Epoch': 13, 'HIT@5': '0.0157', 'NDCG@5': '0.0095', 'HIT@10': '0.0273', 'NDCG@10': '0.0132', 'HIT@20': '0.0458', 'NDCG@20': '0.0179'}
{'Epoch': 13, 'HIT@5': '0.0203', 'NDCG@5': '0.0131', 'HIT@10': '0.0329', 'NDCG@10': '0.0172', 'HIT@20': '0.0530', 'NDCG@20': '0.0222'}
{'epoch': 14, 'rec_avg_loss': '0.6444', 'joint_avg_loss': '0.6444', 'cl_avg_loss': '815.7081', 'cl_pair_0_loss': '815.7081'}
{'Epoch': 14, 'HIT@5': '0.0180', 'NDCG@5': '0.0119', 'HIT@10': '0.0294', 'NDCG@10': '0.0155', 'HIT@20': '0.0439', 'NDCG@20': '0.0192'}
{'Epoch': 14, 'HIT@5': '0.0212', 'NDCG@5': '0.0130', 'HIT@10': '0.0369', 'NDCG@10': '0.0181', 'HIT@20': '0.0572', 'NDCG@20': '0.0232'}
{'Epoch': 14, 'HIT@5': '0.0246', 'NDCG@5': '0.0156', 'HIT@10': '0.0392', 'NDCG@10': '0.0203', 'HIT@20': '0.0631', 'NDCG@20': '0.0263'}
{'Epoch': 14, 'HIT@5': '0.0155', 'NDCG@5': '0.0096', 'HIT@10': '0.0269', 'NDCG@10': '0.0132', 'HIT@20': '0.0432', 'NDCG@20': '0.0173'}
{'Epoch': 14, 'HIT@5': '0.0203', 'NDCG@5': '0.0128', 'HIT@10': '0.0336', 'NDCG@10': '0.0170', 'HIT@20': '0.0532', 'NDCG@20': '0.0220'}
{'epoch': 15, 'rec_avg_loss': '0.6233', 'joint_avg_loss': '0.6233', 'cl_avg_loss': '865.2137', 'cl_pair_0_loss': '865.2137'}
{'Epoch': 15, 'HIT@5': '0.0195', 'NDCG@5': '0.0128', 'HIT@10': '0.0323', 'NDCG@10': '0.0168', 'HIT@20': '0.0474', 'NDCG@20': '0.0206'}
{'Epoch': 15, 'HIT@5': '0.0207', 'NDCG@5': '0.0133', 'HIT@10': '0.0373', 'NDCG@10': '0.0187', 'HIT@20': '0.0571', 'NDCG@20': '0.0236'}
{'Epoch': 15, 'HIT@5': '0.0248', 'NDCG@5': '0.0164', 'HIT@10': '0.0404', 'NDCG@10': '0.0214', 'HIT@20': '0.0645', 'NDCG@20': '0.0275'}
{'Epoch': 15, 'HIT@5': '0.0171', 'NDCG@5': '0.0101', 'HIT@10': '0.0271', 'NDCG@10': '0.0133', 'HIT@20': '0.0454', 'NDCG@20': '0.0179'}
{'Epoch': 15, 'HIT@5': '0.0210', 'NDCG@5': '0.0134', 'HIT@10': '0.0346', 'NDCG@10': '0.0178', 'HIT@20': '0.0549', 'NDCG@20': '0.0229'}
{'epoch': 16, 'rec_avg_loss': '0.6070', 'joint_avg_loss': '0.6070', 'cl_avg_loss': '899.9293', 'cl_pair_0_loss': '899.9293'}
{'Epoch': 16, 'HIT@5': '0.0184', 'NDCG@5': '0.0124', 'HIT@10': '0.0296', 'NDCG@10': '0.0160', 'HIT@20': '0.0485', 'NDCG@20': '0.0207'}
{'Epoch': 16, 'HIT@5': '0.0192', 'NDCG@5': '0.0123', 'HIT@10': '0.0369', 'NDCG@10': '0.0179', 'HIT@20': '0.0578', 'NDCG@20': '0.0232'}
{'Epoch': 16, 'HIT@5': '0.0254', 'NDCG@5': '0.0162', 'HIT@10': '0.0408', 'NDCG@10': '0.0211', 'HIT@20': '0.0628', 'NDCG@20': '0.0266'}
{'Epoch': 16, 'HIT@5': '0.0175', 'NDCG@5': '0.0105', 'HIT@10': '0.0292', 'NDCG@10': '0.0142', 'HIT@20': '0.0475', 'NDCG@20': '0.0188'}
{'Epoch': 16, 'HIT@5': '0.0210', 'NDCG@5': '0.0133', 'HIT@10': '0.0350', 'NDCG@10': '0.0177', 'HIT@20': '0.0552', 'NDCG@20': '0.0228'}
{'epoch': 17, 'rec_avg_loss': '0.5968', 'joint_avg_loss': '0.5968', 'cl_avg_loss': '934.2958', 'cl_pair_0_loss': '934.2958'}
{'Epoch': 17, 'HIT@5': '0.0195', 'NDCG@5': '0.0132', 'HIT@10': '0.0338', 'NDCG@10': '0.0178', 'HIT@20': '0.0507', 'NDCG@20': '0.0220'}
{'Epoch': 17, 'HIT@5': '0.0198', 'NDCG@5': '0.0131', 'HIT@10': '0.0329', 'NDCG@10': '0.0173', 'HIT@20': '0.0587', 'NDCG@20': '0.0238'}
{'Epoch': 17, 'HIT@5': '0.0248', 'NDCG@5': '0.0163', 'HIT@10': '0.0399', 'NDCG@10': '0.0212', 'HIT@20': '0.0636', 'NDCG@20': '0.0271'}
{'Epoch': 17, 'HIT@5': '0.0178', 'NDCG@5': '0.0112', 'HIT@10': '0.0290', 'NDCG@10': '0.0147', 'HIT@20': '0.0475', 'NDCG@20': '0.0193'}
{'Epoch': 17, 'HIT@5': '0.0211', 'NDCG@5': '0.0137', 'HIT@10': '0.0345', 'NDCG@10': '0.0180', 'HIT@20': '0.0560', 'NDCG@20': '0.0234'}
{'epoch': 18, 'rec_avg_loss': '0.5822', 'joint_avg_loss': '0.5822', 'cl_avg_loss': '963.6564', 'cl_pair_0_loss': '963.6564'}
{'Epoch': 18, 'HIT@5': '0.0200', 'NDCG@5': '0.0126', 'HIT@10': '0.0320', 'NDCG@10': '0.0165', 'HIT@20': '0.0500', 'NDCG@20': '0.0210'}
{'Epoch': 18, 'HIT@5': '0.0223', 'NDCG@5': '0.0139', 'HIT@10': '0.0364', 'NDCG@10': '0.0183', 'HIT@20': '0.0572', 'NDCG@20': '0.0235'}
{'Epoch': 18, 'HIT@5': '0.0259', 'NDCG@5': '0.0168', 'HIT@10': '0.0417', 'NDCG@10': '0.0219', 'HIT@20': '0.0651', 'NDCG@20': '0.0278'}
{'Epoch': 18, 'HIT@5': '0.0182', 'NDCG@5': '0.0110', 'HIT@10': '0.0292', 'NDCG@10': '0.0145', 'HIT@20': '0.0461', 'NDCG@20': '0.0187'}
{'Epoch': 18, 'HIT@5': '0.0221', 'NDCG@5': '0.0139', 'HIT@10': '0.0356', 'NDCG@10': '0.0182', 'HIT@20': '0.0558', 'NDCG@20': '0.0233'}
{'epoch': 19, 'rec_avg_loss': '0.5766', 'joint_avg_loss': '0.5766', 'cl_avg_loss': '1006.8762', 'cl_pair_0_loss': '1006.8762'}
{'Epoch': 19, 'HIT@5': '0.0222', 'NDCG@5': '0.0137', 'HIT@10': '0.0334', 'NDCG@10': '0.0173', 'HIT@20': '0.0520', 'NDCG@20': '0.0220'}
{'Epoch': 19, 'HIT@5': '0.0225', 'NDCG@5': '0.0149', 'HIT@10': '0.0362', 'NDCG@10': '0.0194', 'HIT@20': '0.0602', 'NDCG@20': '0.0253'}
{'Epoch': 19, 'HIT@5': '0.0260', 'NDCG@5': '0.0169', 'HIT@10': '0.0417', 'NDCG@10': '0.0219', 'HIT@20': '0.0666', 'NDCG@20': '0.0281'}
{'Epoch': 19, 'HIT@5': '0.0183', 'NDCG@5': '0.0113', 'HIT@10': '0.0305', 'NDCG@10': '0.0152', 'HIT@20': '0.0481', 'NDCG@20': '0.0197'}
{'Epoch': 19, 'HIT@5': '0.0225', 'NDCG@5': '0.0144', 'HIT@10': '0.0362', 'NDCG@10': '0.0188', 'HIT@20': '0.0577', 'NDCG@20': '0.0242'}
{'epoch': 20, 'rec_avg_loss': '0.5636', 'joint_avg_loss': '0.5636', 'cl_avg_loss': '1024.5008', 'cl_pair_0_loss': '1024.5008'}
{'Epoch': 20, 'HIT@5': '0.0211', 'NDCG@5': '0.0131', 'HIT@10': '0.0305', 'NDCG@10': '0.0161', 'HIT@20': '0.0485', 'NDCG@20': '0.0207'}
{'Epoch': 20, 'HIT@5': '0.0238', 'NDCG@5': '0.0152', 'HIT@10': '0.0371', 'NDCG@10': '0.0194', 'HIT@20': '0.0596', 'NDCG@20': '0.0251'}
{'Epoch': 20, 'HIT@5': '0.0262', 'NDCG@5': '0.0169', 'HIT@10': '0.0407', 'NDCG@10': '0.0215', 'HIT@20': '0.0647', 'NDCG@20': '0.0275'}
{'Epoch': 20, 'HIT@5': '0.0177', 'NDCG@5': '0.0112', 'HIT@10': '0.0294', 'NDCG@10': '0.0149', 'HIT@20': '0.0460', 'NDCG@20': '0.0191'}
{'Epoch': 20, 'HIT@5': '0.0224', 'NDCG@5': '0.0143', 'HIT@10': '0.0352', 'NDCG@10': '0.0183', 'HIT@20': '0.0558', 'NDCG@20': '0.0235'}
{'epoch': 21, 'rec_avg_loss': '0.5549', 'joint_avg_loss': '0.5549', 'cl_avg_loss': '1046.6523', 'cl_pair_0_loss': '1046.6523'}
{'Epoch': 21, 'HIT@5': '0.0217', 'NDCG@5': '0.0141', 'HIT@10': '0.0323', 'NDCG@10': '0.0175', 'HIT@20': '0.0489', 'NDCG@20': '0.0217'}
{'Epoch': 21, 'HIT@5': '0.0238', 'NDCG@5': '0.0168', 'HIT@10': '0.0395', 'NDCG@10': '0.0219', 'HIT@20': '0.0613', 'NDCG@20': '0.0273'}
{'Epoch': 21, 'HIT@5': '0.0258', 'NDCG@5': '0.0171', 'HIT@10': '0.0433', 'NDCG@10': '0.0227', 'HIT@20': '0.0658', 'NDCG@20': '0.0284'}
{'Epoch': 21, 'HIT@5': '0.0188', 'NDCG@5': '0.0119', 'HIT@10': '0.0312', 'NDCG@10': '0.0158', 'HIT@20': '0.0482', 'NDCG@20': '0.0201'}
{'Epoch': 21, 'HIT@5': '0.0227', 'NDCG@5': '0.0149', 'HIT@10': '0.0374', 'NDCG@10': '0.0197', 'HIT@20': '0.0572', 'NDCG@20': '0.0247'}
{'epoch': 22, 'rec_avg_loss': '0.5472', 'joint_avg_loss': '0.5472', 'cl_avg_loss': '1082.7135', 'cl_pair_0_loss': '1082.7135'}
{'Epoch': 22, 'HIT@5': '0.0187', 'NDCG@5': '0.0117', 'HIT@10': '0.0320', 'NDCG@10': '0.0160', 'HIT@20': '0.0496', 'NDCG@20': '0.0204'}
{'Epoch': 22, 'HIT@5': '0.0242', 'NDCG@5': '0.0165', 'HIT@10': '0.0386', 'NDCG@10': '0.0211', 'HIT@20': '0.0615', 'NDCG@20': '0.0269'}
{'Epoch': 22, 'HIT@5': '0.0273', 'NDCG@5': '0.0181', 'HIT@10': '0.0439', 'NDCG@10': '0.0234', 'HIT@20': '0.0666', 'NDCG@20': '0.0292'}
{'Epoch': 22, 'HIT@5': '0.0184', 'NDCG@5': '0.0116', 'HIT@10': '0.0309', 'NDCG@10': '0.0156', 'HIT@20': '0.0479', 'NDCG@20': '0.0199'}
{'Epoch': 22, 'HIT@5': '0.0228', 'NDCG@5': '0.0149', 'HIT@10': '0.0374', 'NDCG@10': '0.0196', 'HIT@20': '0.0576', 'NDCG@20': '0.0247'}
{'epoch': 23, 'rec_avg_loss': '0.5411', 'joint_avg_loss': '0.5411', 'cl_avg_loss': '1110.3452', 'cl_pair_0_loss': '1110.3452'}
{'Epoch': 23, 'HIT@5': '0.0208', 'NDCG@5': '0.0129', 'HIT@10': '0.0316', 'NDCG@10': '0.0163', 'HIT@20': '0.0503', 'NDCG@20': '0.0211'}
{'Epoch': 23, 'HIT@5': '0.0242', 'NDCG@5': '0.0168', 'HIT@10': '0.0377', 'NDCG@10': '0.0211', 'HIT@20': '0.0587', 'NDCG@20': '0.0264'}
{'Epoch': 23, 'HIT@5': '0.0272', 'NDCG@5': '0.0183', 'HIT@10': '0.0424', 'NDCG@10': '0.0232', 'HIT@20': '0.0656', 'NDCG@20': '0.0290'}
{'Epoch': 23, 'HIT@5': '0.0185', 'NDCG@5': '0.0119', 'HIT@10': '0.0296', 'NDCG@10': '0.0154', 'HIT@20': '0.0473', 'NDCG@20': '0.0199'}
{'Epoch': 23, 'HIT@5': '0.0231', 'NDCG@5': '0.0153', 'HIT@10': '0.0361', 'NDCG@10': '0.0195', 'HIT@20': '0.0566', 'NDCG@20': '0.0246'}
{'epoch': 24, 'rec_avg_loss': '0.5326', 'joint_avg_loss': '0.5326', 'cl_avg_loss': '1131.8116', 'cl_pair_0_loss': '1131.8116'}
{'Epoch': 24, 'HIT@5': '0.0219', 'NDCG@5': '0.0137', 'HIT@10': '0.0342', 'NDCG@10': '0.0176', 'HIT@20': '0.0503', 'NDCG@20': '0.0216'}
{'Epoch': 24, 'HIT@5': '0.0255', 'NDCG@5': '0.0170', 'HIT@10': '0.0377', 'NDCG@10': '0.0209', 'HIT@20': '0.0571', 'NDCG@20': '0.0257'}
{'Epoch': 24, 'HIT@5': '0.0270', 'NDCG@5': '0.0184', 'HIT@10': '0.0438', 'NDCG@10': '0.0237', 'HIT@20': '0.0679', 'NDCG@20': '0.0298'}
{'Epoch': 24, 'HIT@5': '0.0196', 'NDCG@5': '0.0124', 'HIT@10': '0.0297', 'NDCG@10': '0.0156', 'HIT@20': '0.0468', 'NDCG@20': '0.0199'}
{'Epoch': 24, 'HIT@5': '0.0237', 'NDCG@5': '0.0156', 'HIT@10': '0.0371', 'NDCG@10': '0.0199', 'HIT@20': '0.0571', 'NDCG@20': '0.0249'}
{'epoch': 25, 'rec_avg_loss': '0.5280', 'joint_avg_loss': '0.5280', 'cl_avg_loss': '1135.2931', 'cl_pair_0_loss': '1135.2931'}
{'Epoch': 25, 'HIT@5': '0.0206', 'NDCG@5': '0.0132', 'HIT@10': '0.0336', 'NDCG@10': '0.0173', 'HIT@20': '0.0540', 'NDCG@20': '0.0225'}
{'Epoch': 25, 'HIT@5': '0.0246', 'NDCG@5': '0.0166', 'HIT@10': '0.0382', 'NDCG@10': '0.0211', 'HIT@20': '0.0600', 'NDCG@20': '0.0265'}
{'Epoch': 25, 'HIT@5': '0.0282', 'NDCG@5': '0.0186', 'HIT@10': '0.0447', 'NDCG@10': '0.0239', 'HIT@20': '0.0678', 'NDCG@20': '0.0297'}
{'Epoch': 25, 'HIT@5': '0.0178', 'NDCG@5': '0.0115', 'HIT@10': '0.0300', 'NDCG@10': '0.0154', 'HIT@20': '0.0489', 'NDCG@20': '0.0202'}
{'Epoch': 25, 'HIT@5': '0.0233', 'NDCG@5': '0.0153', 'HIT@10': '0.0375', 'NDCG@10': '0.0199', 'HIT@20': '0.0587', 'NDCG@20': '0.0252'}
{'epoch': 26, 'rec_avg_loss': '0.5223', 'joint_avg_loss': '0.5223', 'cl_avg_loss': '1163.1203', 'cl_pair_0_loss': '1163.1203'}
{'Epoch': 26, 'HIT@5': '0.0202', 'NDCG@5': '0.0129', 'HIT@10': '0.0325', 'NDCG@10': '0.0168', 'HIT@20': '0.0533', 'NDCG@20': '0.0220'}
{'Epoch': 26, 'HIT@5': '0.0275', 'NDCG@5': '0.0181', 'HIT@10': '0.0391', 'NDCG@10': '0.0218', 'HIT@20': '0.0602', 'NDCG@20': '0.0271'}
{'Epoch': 26, 'HIT@5': '0.0282', 'NDCG@5': '0.0184', 'HIT@10': '0.0442', 'NDCG@10': '0.0235', 'HIT@20': '0.0659', 'NDCG@20': '0.0290'}
{'Epoch': 26, 'HIT@5': '0.0196', 'NDCG@5': '0.0123', 'HIT@10': '0.0309', 'NDCG@10': '0.0159', 'HIT@20': '0.0487', 'NDCG@20': '0.0203'}
{'Epoch': 26, 'HIT@5': '0.0243', 'NDCG@5': '0.0157', 'HIT@10': '0.0376', 'NDCG@10': '0.0199', 'HIT@20': '0.0578', 'NDCG@20': '0.0250'}
{'epoch': 27, 'rec_avg_loss': '0.5132', 'joint_avg_loss': '0.5132', 'cl_avg_loss': '1187.0497', 'cl_pair_0_loss': '1187.0497'}
{'Epoch': 27, 'HIT@5': '0.0202', 'NDCG@5': '0.0134', 'HIT@10': '0.0340', 'NDCG@10': '0.0178', 'HIT@20': '0.0542', 'NDCG@20': '0.0229'}
{'Epoch': 27, 'HIT@5': '0.0258', 'NDCG@5': '0.0175', 'HIT@10': '0.0403', 'NDCG@10': '0.0222', 'HIT@20': '0.0617', 'NDCG@20': '0.0275'}
{'Epoch': 27, 'HIT@5': '0.0270', 'NDCG@5': '0.0179', 'HIT@10': '0.0431', 'NDCG@10': '0.0231', 'HIT@20': '0.0666', 'NDCG@20': '0.0290'}
{'Epoch': 27, 'HIT@5': '0.0196', 'NDCG@5': '0.0124', 'HIT@10': '0.0321', 'NDCG@10': '0.0165', 'HIT@20': '0.0510', 'NDCG@20': '0.0212'}
{'Epoch': 27, 'HIT@5': '0.0235', 'NDCG@5': '0.0155', 'HIT@10': '0.0379', 'NDCG@10': '0.0201', 'HIT@20': '0.0592', 'NDCG@20': '0.0255'}
{'epoch': 28, 'rec_avg_loss': '0.5129', 'joint_avg_loss': '0.5129', 'cl_avg_loss': '1190.7988', 'cl_pair_0_loss': '1190.7988'}
{'Epoch': 28, 'HIT@5': '0.0200', 'NDCG@5': '0.0129', 'HIT@10': '0.0329', 'NDCG@10': '0.0170', 'HIT@20': '0.0516', 'NDCG@20': '0.0217'}
{'Epoch': 28, 'HIT@5': '0.0275', 'NDCG@5': '0.0181', 'HIT@10': '0.0401', 'NDCG@10': '0.0222', 'HIT@20': '0.0626', 'NDCG@20': '0.0278'}
{'Epoch': 28, 'HIT@5': '0.0264', 'NDCG@5': '0.0174', 'HIT@10': '0.0427', 'NDCG@10': '0.0227', 'HIT@20': '0.0671', 'NDCG@20': '0.0288'}
{'Epoch': 28, 'HIT@5': '0.0197', 'NDCG@5': '0.0123', 'HIT@10': '0.0318', 'NDCG@10': '0.0161', 'HIT@20': '0.0489', 'NDCG@20': '0.0205'}
{'Epoch': 28, 'HIT@5': '0.0236', 'NDCG@5': '0.0153', 'HIT@10': '0.0375', 'NDCG@10': '0.0197', 'HIT@20': '0.0585', 'NDCG@20': '0.0250'}
{'epoch': 29, 'rec_avg_loss': '0.5058', 'joint_avg_loss': '0.5058', 'cl_avg_loss': '1199.8678', 'cl_pair_0_loss': '1199.8678'}
{'Epoch': 29, 'HIT@5': '0.0197', 'NDCG@5': '0.0131', 'HIT@10': '0.0329', 'NDCG@10': '0.0173', 'HIT@20': '0.0507', 'NDCG@20': '0.0218'}
{'Epoch': 29, 'HIT@5': '0.0268', 'NDCG@5': '0.0182', 'HIT@10': '0.0419', 'NDCG@10': '0.0230', 'HIT@20': '0.0626', 'NDCG@20': '0.0281'}
{'Epoch': 29, 'HIT@5': '0.0285', 'NDCG@5': '0.0186', 'HIT@10': '0.0436', 'NDCG@10': '0.0234', 'HIT@20': '0.0661', 'NDCG@20': '0.0291'}
{'Epoch': 29, 'HIT@5': '0.0208', 'NDCG@5': '0.0131', 'HIT@10': '0.0317', 'NDCG@10': '0.0166', 'HIT@20': '0.0492', 'NDCG@20': '0.0210'}
{'Epoch': 29, 'HIT@5': '0.0246', 'NDCG@5': '0.0160', 'HIT@10': '0.0381', 'NDCG@10': '0.0204', 'HIT@20': '0.0581', 'NDCG@20': '0.0254'}
{'epoch': 30, 'rec_avg_loss': '0.5030', 'joint_avg_loss': '0.5030', 'cl_avg_loss': '1207.2398', 'cl_pair_0_loss': '1207.2398'}
{'Epoch': 30, 'HIT@5': '0.0195', 'NDCG@5': '0.0128', 'HIT@10': '0.0309', 'NDCG@10': '0.0164', 'HIT@20': '0.0487', 'NDCG@20': '0.0209'}
{'Epoch': 30, 'HIT@5': '0.0251', 'NDCG@5': '0.0169', 'HIT@10': '0.0386', 'NDCG@10': '0.0213', 'HIT@20': '0.0583', 'NDCG@20': '0.0263'}
{'Epoch': 30, 'HIT@5': '0.0258', 'NDCG@5': '0.0168', 'HIT@10': '0.0424', 'NDCG@10': '0.0222', 'HIT@20': '0.0658', 'NDCG@20': '0.0281'}
{'Epoch': 30, 'HIT@5': '0.0196', 'NDCG@5': '0.0124', 'HIT@10': '0.0314', 'NDCG@10': '0.0162', 'HIT@20': '0.0483', 'NDCG@20': '0.0204'}
{'Epoch': 30, 'HIT@5': '0.0229', 'NDCG@5': '0.0149', 'HIT@10': '0.0368', 'NDCG@10': '0.0194', 'HIT@20': '0.0568', 'NDCG@20': '0.0244'}
{'epoch': 31, 'rec_avg_loss': '0.5037', 'joint_avg_loss': '0.5037', 'cl_avg_loss': '1221.4164', 'cl_pair_0_loss': '1221.4164'}
{'Epoch': 31, 'HIT@5': '0.0211', 'NDCG@5': '0.0136', 'HIT@10': '0.0360', 'NDCG@10': '0.0183', 'HIT@20': '0.0503', 'NDCG@20': '0.0219'}
{'Epoch': 31, 'HIT@5': '0.0270', 'NDCG@5': '0.0177', 'HIT@10': '0.0404', 'NDCG@10': '0.0220', 'HIT@20': '0.0593', 'NDCG@20': '0.0268'}
{'Epoch': 31, 'HIT@5': '0.0280', 'NDCG@5': '0.0184', 'HIT@10': '0.0442', 'NDCG@10': '0.0236', 'HIT@20': '0.0641', 'NDCG@20': '0.0286'}
{'Epoch': 31, 'HIT@5': '0.0214', 'NDCG@5': '0.0137', 'HIT@10': '0.0327', 'NDCG@10': '0.0173', 'HIT@20': '0.0487', 'NDCG@20': '0.0213'}
{'Epoch': 31, 'HIT@5': '0.0248', 'NDCG@5': '0.0161', 'HIT@10': '0.0388', 'NDCG@10': '0.0206', 'HIT@20': '0.0566', 'NDCG@20': '0.0251'}
{'epoch': 32, 'rec_avg_loss': '0.4969', 'joint_avg_loss': '0.4969', 'cl_avg_loss': '1237.0834', 'cl_pair_0_loss': '1237.0834'}
{'Epoch': 32, 'HIT@5': '0.0202', 'NDCG@5': '0.0131', 'HIT@10': '0.0327', 'NDCG@10': '0.0172', 'HIT@20': '0.0503', 'NDCG@20': '0.0217'}
{'Epoch': 32, 'HIT@5': '0.0270', 'NDCG@5': '0.0187', 'HIT@10': '0.0390', 'NDCG@10': '0.0225', 'HIT@20': '0.0607', 'NDCG@20': '0.0280'}
{'Epoch': 32, 'HIT@5': '0.0278', 'NDCG@5': '0.0188', 'HIT@10': '0.0415', 'NDCG@10': '0.0233', 'HIT@20': '0.0653', 'NDCG@20': '0.0292'}
{'Epoch': 32, 'HIT@5': '0.0218', 'NDCG@5': '0.0141', 'HIT@10': '0.0326', 'NDCG@10': '0.0175', 'HIT@20': '0.0495', 'NDCG@20': '0.0218'}
{'Epoch': 32, 'HIT@5': '0.0247', 'NDCG@5': '0.0165', 'HIT@10': '0.0371', 'NDCG@10': '0.0205', 'HIT@20': '0.0575', 'NDCG@20': '0.0256'}
{'epoch': 33, 'rec_avg_loss': '0.4909', 'joint_avg_loss': '0.4909', 'cl_avg_loss': '1217.7129', 'cl_pair_0_loss': '1217.7129'}
{'Epoch': 33, 'HIT@5': '0.0217', 'NDCG@5': '0.0136', 'HIT@10': '0.0342', 'NDCG@10': '0.0176', 'HIT@20': '0.0500', 'NDCG@20': '0.0216'}
{'Epoch': 33, 'HIT@5': '0.0279', 'NDCG@5': '0.0193', 'HIT@10': '0.0391', 'NDCG@10': '0.0229', 'HIT@20': '0.0611', 'NDCG@20': '0.0284'}
{'Epoch': 33, 'HIT@5': '0.0265', 'NDCG@5': '0.0178', 'HIT@10': '0.0422', 'NDCG@10': '0.0229', 'HIT@20': '0.0650', 'NDCG@20': '0.0286'}
{'Epoch': 33, 'HIT@5': '0.0211', 'NDCG@5': '0.0134', 'HIT@10': '0.0329', 'NDCG@10': '0.0172', 'HIT@20': '0.0511', 'NDCG@20': '0.0217'}
{'Epoch': 33, 'HIT@5': '0.0243', 'NDCG@5': '0.0160', 'HIT@10': '0.0377', 'NDCG@10': '0.0203', 'HIT@20': '0.0580', 'NDCG@20': '0.0254'}
{'epoch': 34, 'rec_avg_loss': '0.4855', 'joint_avg_loss': '0.4855', 'cl_avg_loss': '1227.0683', 'cl_pair_0_loss': '1227.0683'}
{'Epoch': 34, 'HIT@5': '0.0222', 'NDCG@5': '0.0142', 'HIT@10': '0.0345', 'NDCG@10': '0.0182', 'HIT@20': '0.0542', 'NDCG@20': '0.0232'}
{'Epoch': 34, 'HIT@5': '0.0247', 'NDCG@5': '0.0168', 'HIT@10': '0.0393', 'NDCG@10': '0.0214', 'HIT@20': '0.0591', 'NDCG@20': '0.0264'}
{'Epoch': 34, 'HIT@5': '0.0276', 'NDCG@5': '0.0185', 'HIT@10': '0.0422', 'NDCG@10': '0.0232', 'HIT@20': '0.0651', 'NDCG@20': '0.0289'}
{'Epoch': 34, 'HIT@5': '0.0230', 'NDCG@5': '0.0149', 'HIT@10': '0.0340', 'NDCG@10': '0.0184', 'HIT@20': '0.0508', 'NDCG@20': '0.0226'}
{'Epoch': 34, 'HIT@5': '0.0250', 'NDCG@5': '0.0165', 'HIT@10': '0.0381', 'NDCG@10': '0.0207', 'HIT@20': '0.0581', 'NDCG@20': '0.0257'}
{'epoch': 35, 'rec_avg_loss': '0.4848', 'joint_avg_loss': '0.4848', 'cl_avg_loss': '1240.2169', 'cl_pair_0_loss': '1240.2169'}
{'Epoch': 35, 'HIT@5': '0.0213', 'NDCG@5': '0.0143', 'HIT@10': '0.0355', 'NDCG@10': '0.0188', 'HIT@20': '0.0544', 'NDCG@20': '0.0236'}
{'Epoch': 35, 'HIT@5': '0.0246', 'NDCG@5': '0.0168', 'HIT@10': '0.0393', 'NDCG@10': '0.0215', 'HIT@20': '0.0598', 'NDCG@20': '0.0266'}
{'Epoch': 35, 'HIT@5': '0.0276', 'NDCG@5': '0.0185', 'HIT@10': '0.0431', 'NDCG@10': '0.0235', 'HIT@20': '0.0668', 'NDCG@20': '0.0295'}
{'Epoch': 35, 'HIT@5': '0.0221', 'NDCG@5': '0.0142', 'HIT@10': '0.0339', 'NDCG@10': '0.0180', 'HIT@20': '0.0503', 'NDCG@20': '0.0221'}
{'Epoch': 35, 'HIT@5': '0.0245', 'NDCG@5': '0.0163', 'HIT@10': '0.0386', 'NDCG@10': '0.0208', 'HIT@20': '0.0588', 'NDCG@20': '0.0259'}
{'epoch': 36, 'rec_avg_loss': '0.4804', 'joint_avg_loss': '0.4804', 'cl_avg_loss': '1214.4123', 'cl_pair_0_loss': '1214.4123'}
{'Epoch': 36, 'HIT@5': '0.0217', 'NDCG@5': '0.0137', 'HIT@10': '0.0358', 'NDCG@10': '0.0183', 'HIT@20': '0.0557', 'NDCG@20': '0.0233'}
{'Epoch': 36, 'HIT@5': '0.0277', 'NDCG@5': '0.0185', 'HIT@10': '0.0404', 'NDCG@10': '0.0226', 'HIT@20': '0.0628', 'NDCG@20': '0.0282'}
{'Epoch': 36, 'HIT@5': '0.0272', 'NDCG@5': '0.0181', 'HIT@10': '0.0424', 'NDCG@10': '0.0230', 'HIT@20': '0.0670', 'NDCG@20': '0.0292'}
{'Epoch': 36, 'HIT@5': '0.0214', 'NDCG@5': '0.0140', 'HIT@10': '0.0338', 'NDCG@10': '0.0180', 'HIT@20': '0.0526', 'NDCG@20': '0.0227'}
{'Epoch': 36, 'HIT@5': '0.0247', 'NDCG@5': '0.0163', 'HIT@10': '0.0385', 'NDCG@10': '0.0207', 'HIT@20': '0.0602', 'NDCG@20': '0.0262'}
{'epoch': 37, 'rec_avg_loss': '0.4761', 'joint_avg_loss': '0.4761', 'cl_avg_loss': '1232.1692', 'cl_pair_0_loss': '1232.1692'}
{'Epoch': 37, 'HIT@5': '0.0230', 'NDCG@5': '0.0152', 'HIT@10': '0.0371', 'NDCG@10': '0.0197', 'HIT@20': '0.0544', 'NDCG@20': '0.0241'}
{'Epoch': 37, 'HIT@5': '0.0260', 'NDCG@5': '0.0171', 'HIT@10': '0.0391', 'NDCG@10': '0.0213', 'HIT@20': '0.0631', 'NDCG@20': '0.0274'}
{'Epoch': 37, 'HIT@5': '0.0280', 'NDCG@5': '0.0190', 'HIT@10': '0.0443', 'NDCG@10': '0.0242', 'HIT@20': '0.0666', 'NDCG@20': '0.0298'}
{'Epoch': 37, 'HIT@5': '0.0215', 'NDCG@5': '0.0139', 'HIT@10': '0.0343', 'NDCG@10': '0.0180', 'HIT@20': '0.0522', 'NDCG@20': '0.0225'}
{'Epoch': 37, 'HIT@5': '0.0250', 'NDCG@5': '0.0166', 'HIT@10': '0.0393', 'NDCG@10': '0.0212', 'HIT@20': '0.0598', 'NDCG@20': '0.0263'}
{'epoch': 38, 'rec_avg_loss': '0.4699', 'joint_avg_loss': '0.4699', 'cl_avg_loss': '1232.8889', 'cl_pair_0_loss': '1232.8889'}
{'Epoch': 38, 'HIT@5': '0.0215', 'NDCG@5': '0.0140', 'HIT@10': '0.0358', 'NDCG@10': '0.0186', 'HIT@20': '0.0524', 'NDCG@20': '0.0229'}
{'Epoch': 38, 'HIT@5': '0.0270', 'NDCG@5': '0.0173', 'HIT@10': '0.0401', 'NDCG@10': '0.0215', 'HIT@20': '0.0628', 'NDCG@20': '0.0272'}
{'Epoch': 38, 'HIT@5': '0.0277', 'NDCG@5': '0.0185', 'HIT@10': '0.0426', 'NDCG@10': '0.0232', 'HIT@20': '0.0668', 'NDCG@20': '0.0293'}
{'Epoch': 38, 'HIT@5': '0.0216', 'NDCG@5': '0.0136', 'HIT@10': '0.0331', 'NDCG@10': '0.0173', 'HIT@20': '0.0526', 'NDCG@20': '0.0222'}
{'Epoch': 38, 'HIT@5': '0.0248', 'NDCG@5': '0.0161', 'HIT@10': '0.0382', 'NDCG@10': '0.0204', 'HIT@20': '0.0598', 'NDCG@20': '0.0259'}
{'epoch': 39, 'rec_avg_loss': '0.4741', 'joint_avg_loss': '0.4741', 'cl_avg_loss': '1241.7797', 'cl_pair_0_loss': '1241.7797'}
{'Epoch': 39, 'HIT@5': '0.0224', 'NDCG@5': '0.0137', 'HIT@10': '0.0369', 'NDCG@10': '0.0183', 'HIT@20': '0.0546', 'NDCG@20': '0.0228'}
{'Epoch': 39, 'HIT@5': '0.0266', 'NDCG@5': '0.0168', 'HIT@10': '0.0399', 'NDCG@10': '0.0210', 'HIT@20': '0.0569', 'NDCG@20': '0.0253'}
{'Epoch': 39, 'HIT@5': '0.0287', 'NDCG@5': '0.0190', 'HIT@10': '0.0444', 'NDCG@10': '0.0241', 'HIT@20': '0.0661', 'NDCG@20': '0.0296'}
{'Epoch': 39, 'HIT@5': '0.0221', 'NDCG@5': '0.0142', 'HIT@10': '0.0346', 'NDCG@10': '0.0182', 'HIT@20': '0.0511', 'NDCG@20': '0.0224'}
{'Epoch': 39, 'HIT@5': '0.0255', 'NDCG@5': '0.0164', 'HIT@10': '0.0396', 'NDCG@10': '0.0210', 'HIT@20': '0.0583', 'NDCG@20': '0.0257'}
{'epoch': 40, 'rec_avg_loss': '0.4685', 'joint_avg_loss': '0.4685', 'cl_avg_loss': '1247.2318', 'cl_pair_0_loss': '1247.2318'}
{'Epoch': 40, 'HIT@5': '0.0219', 'NDCG@5': '0.0139', 'HIT@10': '0.0342', 'NDCG@10': '0.0177', 'HIT@20': '0.0518', 'NDCG@20': '0.0221'}
{'Epoch': 40, 'HIT@5': '0.0260', 'NDCG@5': '0.0170', 'HIT@10': '0.0377', 'NDCG@10': '0.0208', 'HIT@20': '0.0587', 'NDCG@20': '0.0261'}
{'Epoch': 40, 'HIT@5': '0.0297', 'NDCG@5': '0.0199', 'HIT@10': '0.0449', 'NDCG@10': '0.0247', 'HIT@20': '0.0671', 'NDCG@20': '0.0303'}
{'Epoch': 40, 'HIT@5': '0.0221', 'NDCG@5': '0.0139', 'HIT@10': '0.0333', 'NDCG@10': '0.0176', 'HIT@20': '0.0519', 'NDCG@20': '0.0222'}
{'Epoch': 40, 'HIT@5': '0.0256', 'NDCG@5': '0.0167', 'HIT@10': '0.0387', 'NDCG@10': '0.0209', 'HIT@20': '0.0589', 'NDCG@20': '0.0260'}
{'epoch': 41, 'rec_avg_loss': '0.4690', 'joint_avg_loss': '0.4690', 'cl_avg_loss': '1249.9069', 'cl_pair_0_loss': '1249.9069'}
{'Epoch': 41, 'HIT@5': '0.0215', 'NDCG@5': '0.0136', 'HIT@10': '0.0347', 'NDCG@10': '0.0178', 'HIT@20': '0.0527', 'NDCG@20': '0.0223'}
{'Epoch': 41, 'HIT@5': '0.0262', 'NDCG@5': '0.0178', 'HIT@10': '0.0395', 'NDCG@10': '0.0221', 'HIT@20': '0.0589', 'NDCG@20': '0.0269'}
{'Epoch': 41, 'HIT@5': '0.0297', 'NDCG@5': '0.0202', 'HIT@10': '0.0438', 'NDCG@10': '0.0247', 'HIT@20': '0.0649', 'NDCG@20': '0.0301'}
{'Epoch': 41, 'HIT@5': '0.0206', 'NDCG@5': '0.0139', 'HIT@10': '0.0331', 'NDCG@10': '0.0179', 'HIT@20': '0.0503', 'NDCG@20': '0.0222'}
{'Epoch': 41, 'HIT@5': '0.0252', 'NDCG@5': '0.0169', 'HIT@10': '0.0385', 'NDCG@10': '0.0212', 'HIT@20': '0.0577', 'NDCG@20': '0.0260'}
{'epoch': 42, 'rec_avg_loss': '0.4668', 'joint_avg_loss': '0.4668', 'cl_avg_loss': '1242.7414', 'cl_pair_0_loss': '1242.7414'}
{'Epoch': 42, 'HIT@5': '0.0197', 'NDCG@5': '0.0127', 'HIT@10': '0.0345', 'NDCG@10': '0.0174', 'HIT@20': '0.0527', 'NDCG@20': '0.0221'}
{'Epoch': 42, 'HIT@5': '0.0240', 'NDCG@5': '0.0173', 'HIT@10': '0.0373', 'NDCG@10': '0.0216', 'HIT@20': '0.0596', 'NDCG@20': '0.0272'}
{'Epoch': 42, 'HIT@5': '0.0308', 'NDCG@5': '0.0206', 'HIT@10': '0.0444', 'NDCG@10': '0.0249', 'HIT@20': '0.0661', 'NDCG@20': '0.0304'}
{'Epoch': 42, 'HIT@5': '0.0213', 'NDCG@5': '0.0138', 'HIT@10': '0.0338', 'NDCG@10': '0.0179', 'HIT@20': '0.0516', 'NDCG@20': '0.0223'}
{'Epoch': 42, 'HIT@5': '0.0253', 'NDCG@5': '0.0169', 'HIT@10': '0.0386', 'NDCG@10': '0.0212', 'HIT@20': '0.0587', 'NDCG@20': '0.0262'}
{'epoch': 43, 'rec_avg_loss': '0.4623', 'joint_avg_loss': '0.4623', 'cl_avg_loss': '1236.3041', 'cl_pair_0_loss': '1236.3041'}
{'Epoch': 43, 'HIT@5': '0.0211', 'NDCG@5': '0.0141', 'HIT@10': '0.0323', 'NDCG@10': '0.0176', 'HIT@20': '0.0542', 'NDCG@20': '0.0232'}
{'Epoch': 43, 'HIT@5': '0.0257', 'NDCG@5': '0.0172', 'HIT@10': '0.0390', 'NDCG@10': '0.0215', 'HIT@20': '0.0635', 'NDCG@20': '0.0276'}
{'Epoch': 43, 'HIT@5': '0.0294', 'NDCG@5': '0.0198', 'HIT@10': '0.0448', 'NDCG@10': '0.0248', 'HIT@20': '0.0674', 'NDCG@20': '0.0305'}
{'Epoch': 43, 'HIT@5': '0.0221', 'NDCG@5': '0.0145', 'HIT@10': '0.0332', 'NDCG@10': '0.0181', 'HIT@20': '0.0532', 'NDCG@20': '0.0231'}
{'Epoch': 43, 'HIT@5': '0.0254', 'NDCG@5': '0.0170', 'HIT@10': '0.0385', 'NDCG@10': '0.0212', 'HIT@20': '0.0605', 'NDCG@20': '0.0267'}
{'epoch': 44, 'rec_avg_loss': '0.4574', 'joint_avg_loss': '0.4574', 'cl_avg_loss': '1258.3184', 'cl_pair_0_loss': '1258.3184'}
{'Epoch': 44, 'HIT@5': '0.0206', 'NDCG@5': '0.0134', 'HIT@10': '0.0351', 'NDCG@10': '0.0180', 'HIT@20': '0.0549', 'NDCG@20': '0.0230'}
{'Epoch': 44, 'HIT@5': '0.0260', 'NDCG@5': '0.0173', 'HIT@10': '0.0403', 'NDCG@10': '0.0218', 'HIT@20': '0.0602', 'NDCG@20': '0.0268'}
{'Epoch': 44, 'HIT@5': '0.0289', 'NDCG@5': '0.0193', 'HIT@10': '0.0451', 'NDCG@10': '0.0245', 'HIT@20': '0.0658', 'NDCG@20': '0.0297'}
{'Epoch': 44, 'HIT@5': '0.0212', 'NDCG@5': '0.0138', 'HIT@10': '0.0333', 'NDCG@10': '0.0177', 'HIT@20': '0.0526', 'NDCG@20': '0.0225'}
{'Epoch': 44, 'HIT@5': '0.0249', 'NDCG@5': '0.0165', 'HIT@10': '0.0392', 'NDCG@10': '0.0210', 'HIT@20': '0.0592', 'NDCG@20': '0.0261'}
{'epoch': 45, 'rec_avg_loss': '0.4587', 'joint_avg_loss': '0.4587', 'cl_avg_loss': '1257.9336', 'cl_pair_0_loss': '1257.9336'}
{'Epoch': 45, 'HIT@5': '0.0222', 'NDCG@5': '0.0147', 'HIT@10': '0.0325', 'NDCG@10': '0.0180', 'HIT@20': '0.0549', 'NDCG@20': '0.0236'}
{'Epoch': 45, 'HIT@5': '0.0266', 'NDCG@5': '0.0180', 'HIT@10': '0.0393', 'NDCG@10': '0.0221', 'HIT@20': '0.0576', 'NDCG@20': '0.0266'}
{'Epoch': 45, 'HIT@5': '0.0292', 'NDCG@5': '0.0199', 'HIT@10': '0.0444', 'NDCG@10': '0.0248', 'HIT@20': '0.0666', 'NDCG@20': '0.0303'}
{'Epoch': 45, 'HIT@5': '0.0203', 'NDCG@5': '0.0130', 'HIT@10': '0.0330', 'NDCG@10': '0.0171', 'HIT@20': '0.0498', 'NDCG@20': '0.0214'}
{'Epoch': 45, 'HIT@5': '0.0250', 'NDCG@5': '0.0167', 'HIT@10': '0.0384', 'NDCG@10': '0.0210', 'HIT@20': '0.0583', 'NDCG@20': '0.0260'}
{'epoch': 46, 'rec_avg_loss': '0.4586', 'joint_avg_loss': '0.4586', 'cl_avg_loss': '1252.3383', 'cl_pair_0_loss': '1252.3383'}
{'Epoch': 46, 'HIT@5': '0.0213', 'NDCG@5': '0.0143', 'HIT@10': '0.0329', 'NDCG@10': '0.0180', 'HIT@20': '0.0513', 'NDCG@20': '0.0227'}
{'Epoch': 46, 'HIT@5': '0.0264', 'NDCG@5': '0.0179', 'HIT@10': '0.0384', 'NDCG@10': '0.0218', 'HIT@20': '0.0578', 'NDCG@20': '0.0266'}
{'Epoch': 46, 'HIT@5': '0.0278', 'NDCG@5': '0.0185', 'HIT@10': '0.0437', 'NDCG@10': '0.0236', 'HIT@20': '0.0653', 'NDCG@20': '0.0291'}
{'Epoch': 46, 'HIT@5': '0.0220', 'NDCG@5': '0.0140', 'HIT@10': '0.0333', 'NDCG@10': '0.0176', 'HIT@20': '0.0513', 'NDCG@20': '0.0221'}
{'Epoch': 46, 'HIT@5': '0.0249', 'NDCG@5': '0.0164', 'HIT@10': '0.0381', 'NDCG@10': '0.0207', 'HIT@20': '0.0578', 'NDCG@20': '0.0256'}
{'epoch': 47, 'rec_avg_loss': '0.4581', 'joint_avg_loss': '0.4581', 'cl_avg_loss': '1267.7035', 'cl_pair_0_loss': '1267.7035'}
{'Epoch': 47, 'HIT@5': '0.0206', 'NDCG@5': '0.0136', 'HIT@10': '0.0345', 'NDCG@10': '0.0181', 'HIT@20': '0.0522', 'NDCG@20': '0.0226'}
{'Epoch': 47, 'HIT@5': '0.0260', 'NDCG@5': '0.0184', 'HIT@10': '0.0388', 'NDCG@10': '0.0224', 'HIT@20': '0.0609', 'NDCG@20': '0.0279'}
{'Epoch': 47, 'HIT@5': '0.0289', 'NDCG@5': '0.0192', 'HIT@10': '0.0441', 'NDCG@10': '0.0241', 'HIT@20': '0.0668', 'NDCG@20': '0.0298'}
{'Epoch': 47, 'HIT@5': '0.0226', 'NDCG@5': '0.0143', 'HIT@10': '0.0339', 'NDCG@10': '0.0180', 'HIT@20': '0.0522', 'NDCG@20': '0.0226'}
{'Epoch': 47, 'HIT@5': '0.0253', 'NDCG@5': '0.0168', 'HIT@10': '0.0387', 'NDCG@10': '0.0211', 'HIT@20': '0.0593', 'NDCG@20': '0.0262'}
{'epoch': 48, 'rec_avg_loss': '0.4519', 'joint_avg_loss': '0.4519', 'cl_avg_loss': '1265.4496', 'cl_pair_0_loss': '1265.4496'}
{'Epoch': 48, 'HIT@5': '0.0213', 'NDCG@5': '0.0135', 'HIT@10': '0.0340', 'NDCG@10': '0.0175', 'HIT@20': '0.0529', 'NDCG@20': '0.0222'}
{'Epoch': 48, 'HIT@5': '0.0253', 'NDCG@5': '0.0178', 'HIT@10': '0.0399', 'NDCG@10': '0.0225', 'HIT@20': '0.0613', 'NDCG@20': '0.0279'}
{'Epoch': 48, 'HIT@5': '0.0294', 'NDCG@5': '0.0195', 'HIT@10': '0.0437', 'NDCG@10': '0.0241', 'HIT@20': '0.0668', 'NDCG@20': '0.0298'}
